457.687988
455.562988
453.875000
451.750000
449.687988
448.125000
446.250000
443.812988
443.000000
440.937988
439.062988
436.312988
434.750000
432.937988
430.875000
429.875000
428.312988
426.562988
423.875000
423.062988
420.875000
419.562988
417.750000
415.187988
413.187988
411.562988
410.562988
408.812988
406.187988
404.937988
402.062988
401.687988
399.000000
396.875000
396.312988
394.375000
391.000000
389.625000
388.000000
386.562988
384.000000
382.000000
380.187988
379.875000
377.812988
374.625000
374.437988
371.937988
370.250000
368.375000
365.687988
364.375000
362.875000
360.250000
358.375000
358.125000
355.000000
352.937988
351.937988
350.812988
348.250000
346.250000
345.375000
343.562988
340.625000
338.500000
336.625000
334.937988
333.062988
332.625000
329.437988
327.875000
325.812988
325.187988
322.375000
321.562988
318.625000
316.750000
315.187988
313.312988
312.625000
310.500000
307.562988
305.875000
305.687988
303.062988
301.625000
298.937988
297.750000
296.187988
293.500000
291.812988
289.500000
287.687988
286.250000
285.687988
282.187988
281.812988
279.125000
277.625000
275.062988
273.312988
271.312988
270.125000
269.000000
267.625000
264.125000
262.500000
260.437988
259.125000
257.500000
255.063004
253.313004
252.313004
250.938004
248.688004
247.625000
244.313004
242.313004
240.563004
238.750000
237.625000
235.750000
235.000000
232.125000
231.000000
227.813004
226.688004
225.250000
222.875000
221.375000
218.750000
217.375000
216.313004
213.938004
212.438004
209.875000
208.063004
207.375000
205.875000
202.438004
201.500000
199.500000
197.313004
195.375000
194.188004
192.813004
191.188004
188.250000
187.313004
185.250000
183.250000
182.313004
180.188004
178.125000
176.813004
174.313004
172.375000
170.563004
168.063004
167.500000
165.438004
163.063004
162.500000
159.125000
158.188004
155.500000
154.375000
152.063004
150.250000
148.250000
146.438004
145.375000
143.938004
141.625000
140.625000
138.063004
135.375000
134.063004
132.000000
130.125000
129.313004
126.875000
125.500000
124.250000
121.250000
120.375000
118.250000
117.188004
114.688004
111.938004
111.625000
110.000000
110.000000
110.000000
110.000000
110.000000
110.000000
110.000000
110.000000
