110.000000
110.000000
110.000000
110.000000
110.000000
110.000000
110.000000
110.000000
111.625000
111.938004
114.688004
117.188004
118.250000
120.375000
121.250000
124.250000
125.500000
126.875000
129.313004
130.125000
132.000000
134.063004
135.375000
138.063004
140.625000
141.625000
143.938004
145.375000
146.438004
148.250000
150.250000
152.063004
154.375000
155.500000
158.188004
159.125000
162.500000
163.063004
165.438004
167.500000
168.063004
170.563004
172.375000
174.313004
176.813004
178.125000
180.188004
182.313004
183.250000
185.250000
187.313004
188.250000
191.188004
192.813004
194.188004
195.375000
197.313004
199.500000
201.500000
202.438004
205.875000
207.375000
208.063004
209.875000
212.438004
213.938004
216.313004
217.375000
218.750000
221.375000
222.875000
225.250000
226.688004
227.813004
231.000000
232.125000
235.000000
235.750000
237.625000
238.750000
240.563004
242.313004
244.313004
247.625000
248.688004
250.938004
252.313004
253.313004
255.063004
257.500000
259.125000
260.437988
262.500000
264.125000
267.625000
269.000000
270.125000
271.312988
273.312988
275.062988
277.625000
279.125000
281.812988
282.187988
285.687988
286.250000
287.687988
289.500000
291.812988
293.500000
296.187988
297.750000
298.937988
301.625000
303.062988
305.687988
305.875000
307.562988
310.500000
312.625000
313.312988
315.187988
316.750000
318.625000
321.562988
322.375000
325.187988
325.812988
327.875000
329.437988
332.625000
333.062988
334.937988
336.625000
338.500000
340.625000
343.562988
345.375000
346.250000
348.250000
350.812988
351.937988
352.937988
355.000000
358.125000
358.375000
360.250000
362.875000
364.375000
365.687988
368.375000
370.250000
371.937988
374.437988
374.625000
377.812988
379.875000
380.187988
382.000000
384.000000
386.562988
388.000000
389.625000
391.000000
394.375000
396.312988
396.875000
399.000000
401.687988
402.062988
404.937988
406.187988
408.812988
410.562988
411.562988
413.187988
415.187988
417.750000
419.562988
420.875000
423.062988
423.875000
426.562988
428.312988
429.875000
430.875000
432.937988
434.750000
436.312988
439.062988
440.937988
443.000000
443.812988
446.250000
448.125000
449.687988
451.750000
453.875000
455.562988
457.687988
